caesar:42:10011110 10010010 10010011 10011101 10010011 10011101 10001011 10011110 10001111 10011101 10011110
caesar:2:01110110 01101010 01101011 01110101 01101011 01110101 01100011 01110110 01100111 01110101 01110110
caesar:21:10001001 01111101 01111110 10001000 01111110 10001000 01110110 10001001 01111010 10001000 10001001
vigenere:abcd:11010101 11001010 11001100 11010111 11001010 11010101 11000100 11011000 11000110 11010101 11010111
vigenere:AAAAA:10110101 10101001 10101010 10110100 10101010 10110100 10100010 10110101 10100110 10110100 10110101
vigenere:ZEBRA:11001110 10101101 10101011 11000101 10101010 11001101 10100110 10110110 10110111 10110100 11001110
vigenere:HELO123:10111100 10101101 10110101 11000010 10011010 10100101 10010100 10111100 10101010 10111111 11000011
caesar:42:01110111 10100011 01001010 10011000 10001011 10010111 10001111 01001010 10010011 10011101 01001010 01101011 10011100 10011110 01001010 10000000 10001011 10011000 10001110 10001111 10010110 10001011 10100011 01011000 01001010 01110011 01010001 10010111 01001010 10001011 10011000 01001010 10001011 10011100 10001101 10010010 10010011 10011110 10001111 10001101 10011110 01011000
caesar:2:01001111 01111011 00100010 01110000 01100011 01101111 01100111 00100010 01101011 01110101 00100010 01000011 01110100 01110110 00100010 01011000 01100011 01110000 01100110 01100111 01101110 01100011 01111011 00110000 00100010 01001011 00101001 01101111 00100010 01100011 01110000 00100010 01100011 01110100 01100101 01101010 01101011 01110110 01100111 01100101 01110110 00110000
caesar:21:01100010 10001110 00110101 10000011 01110110 10000010 01111010 00110101 01111110 10001000 00110101 01010110 10000111 10001001 00110101 01101011 01110110 10000011 01111001 01111010 10000001 01110110 10001110 01000011 00110101 01011110 00111100 10000010 00110101 01110110 10000011 00110101 01110110 10000111 01111000 01111101 01111110 10001001 01111010 01111000 10001001 01000011
vigenere:abcd:10101110 11011011 10000011 11010010 11000010 11001111 11001000 10000100 11001010 11010101 10000011 10100101 11010011 11010110 10000011 10111010 11000010 11010000 11000111 11001001 11001101 11000011 11011100 10010010 10000001 10101011 10001010 11010001 10000001 11000011 11010001 10000100 11000010 11010100 11000110 11001100 11001010 11010110 11001000 11000111 11010101 10010000
vigenere:AAAAA:10001110 10111010 01100001 10101111 10100010 10101110 10100110 01100001 10101010 10110100 01100001 10000010 10110011 10110101 01100001 10010111 10100010 10101111 10100101 10100110 10101101 10100010 10111010 01101111 01100001 10001010 01101000 10101110 01100001 10100010 10101111 01100001 10100010 10110011 10100100 10101001 10101010 10110101 10100110 10100100 10110101 01101111
vigenere:ZEBRA:10100111 10111110 01100010 11000000 10100010 11000111 10101010 01100010 10111011 10110100 01111010 10000110 10110100 11000110 01100001 10110000 10100110 10110000 10110110 10100110 11000110 10100110 10111011 10000000 01100001 10100011 01101100 10101111 01110010 10100010 11001000 01100101 10100011 11000100 10100100 11000010 10101110 10110110 10110111 10100100 11001110 01110011
vigenere:HELO123:10010101 10111110 01101100 10111101 10010010 10011111 10011000 01101000 10101110 10111111 01101111 01110010 10100100 10100111 01101000 10011011 10101101 10111101 10010101 10010111 10011111 10101001 10111110 01111010 01101111 01111010 01011001 10100000 01101000 10100110 10111010 01101111 10010010 10100100 10010110 10110000 10101110 11000000 10110100 10010100 10100110 01100001
caesar:42:01111101 10001101 10011001 10011110 10011110 10100011 01010110 01001010 10001100 10001111 10001011 10010111 01001010 10011111 10011101 01001010 10011111 10011010 01001011
caesar:2:01010101 01100101 01110001 01110110 01110110 01111011 00101110 00100010 01100100 01100111 01100011 01101111 00100010 01110111 01110101 00100010 01110111 01110010 00100011
caesar:21:01101000 01111000 10000100 10001001 10001001 10001110 01000001 00110101 01110111 01111010 01110110 10000010 00110101 10001010 10001000 00110101 10001010 10000101 00110110
vigenere:abcd:10110100 11000101 11010010 11011000 11010101 11011011 10001111 10000100 11000011 11000111 11000100 11010001 10000001 11010111 11010110 10000100 11010110 11010010 10000100
vigenere:AAAAA:10010100 10100100 10110000 10110101 10110101 10111010 01101101 01100001 10100011 10100110 10100010 10101110 01100001 10110110 10110100 01100001 10110110 10110001 01100010
vigenere:ZEBRA:10101101 10101000 10110001 11000110 10110101 11010011 01110001 01100010 10110100 10100110 10111011 10110010 01100010 11000111 10110100 01111010 10111010 10110010 01110011
vigenere:HELO123:10011011 10101000 10111011 11000011 10100101 10101011 01011111 01101000 10100111 10110001 10110000 10011110 01010010 10101000 10111011 01100101 11000001 10111111 01010010
caesar:42:01101011 01111110 01111110 01101011 01101101 01110101 01101011 01111110 01101110 01101011 10000001 01111000
caesar:2:01000011 01010110 01010110 01000011 01000101 01001101 01000011 01010110 01000110 01000011 01011001 01010000
caesar:21:01010110 01101001 01101001 01010110 01011000 01100000 01010110 01101001 01011001 01010110 01101100 01100011
vigenere:abcd:10100010 10110110 10110111 10100101 10100100 10101101 10100100 10111000 10100101 10100011 10111010 10110010
vigenere:AAAAA:10000010 10010101 10010101 10000010 10000100 10001100 10000010 10010101 10000101 10000010 10011000 10001111
vigenere:ZEBRA:10011011 10011001 10010110 10010011 10000100 10100101 10000110 10010110 10010110 10000010 10110001 10010011
vigenere:HELO123:10001001 10011001 10100000 10010000 01110100 01111101 01110100 10011100 10001001 10001101 10100110 01111111
caesar:42:01110011 10011110 01010001 10011101 01001010 10001011 01001010 10011101 10001111 10001101 10011100 10001111 10011110 01001011
caesar:2:01001011 01110110 00101001 01110101 00100010 01100011 00100010 01110101 01100111 01100101 01110100 01100111 01110110 00100011
caesar:21:01011110 10001001 00111100 10001000 00110101 01110110 00110101 10001000 01111010 01111000 10000111 01111010 10001001 00110110
vigenere:abcd:10101010 11010110 10001010 11010111 10000001 11000011 10000011 11010111 11000110 11000101 11010101 11001001 11010101 10000011
vigenere:AAAAA:10001010 10110101 01101000 10110100 01100001 10100010 01100001 10110100 10100110 10100100 10110011 10100110 10110101 01100010
vigenere:ZEBRA:10100011 10111001 01101001 11000101 01100001 10111011 01100101 10110101 10110111 10100100 11001100 10101010 10110110 01110011
vigenere:HELO123:10010001 10111001 01110011 11000010 01010001 10010011 01010011 10111011 10101010 10101111 11000001 10010110 10100110 01010100
caesar:42:01110010 10010011 10001110 10001110 10001111 10011000 01001010 10001110 10001111 10001111 10011010 01001010 10010011 10011000 10011101 10010011 10001110 10001111 01001010 10100011 10011001 10011111 01001010 10001101 10001011 10011000 01001010 10010000 10010011 10011000 10001110 01001010 01110111 10001011 10011110 10011110 10100011 01010001 10011101 01001010 10011110 10001111 10011100 10011100 10010011 10001100 10010110 10001111 01001010 10011101 10001111 10001101 10011100 10001111 10011110 01011000 01011000 01011000
caesar:2:01001010 01101011 01100110 01100110 01100111 01110000 00100010 01100110 01100111 01100111 01110010 00100010 01101011 01110000 01110101 01101011 01100110 01100111 00100010 01111011 01110001 01110111 00100010 01100101 01100011 01110000 00100010 01101000 01101011 01110000 01100110 00100010 01001111 01100011 01110110 01110110 01111011 00101001 01110101 00100010 01110110 01100111 01110100 01110100 01101011 01100100 01101110 01100111 00100010 01110101 01100111 01100101 01110100 01100111 01110110 00110000 00110000 00110000
caesar:21:01011101 01111110 01111001 01111001 01111010 10000011 00110101 01111001 01111010 01111010 10000101 00110101 01111110 10000011 10001000 01111110 01111001 01111010 00110101 10001110 10000100 10001010 00110101 01111000 01110110 10000011 00110101 01111011 01111110 10000011 01111001 00110101 01100010 01110110 10001001 10001001 10001110 00111100 10001000 00110101 10001001 01111010 10000111 10000111 01111110 01110111 10000001 01111010 00110101 10001000 01111010 01111000 10000111 01111010 10001001 01000011 01000011 01000011
vigenere:abcd:10101001 11001011 11000111 11001000 11000110 11010000 10000011 11001000 11000110 11000111 11010011 10000100 11001010 11010000 11010110 11001101 11000101 11000111 10000011 11011101 11010000 11010111 10000011 11000111 11000010 11010000 10000011 11001010 11001010 11010000 11000111 10000100 10101110 11000011 11010111 11011000 11011010 10001001 11010110 10000100 11010101 11000111 11010101 11010110 11001010 11000100 11001111 11001001 10000001 11010101 11001000 11000111 11010011 11000111 11010111 10010010 10001111 10010000
vigenere:AAAAA:10001001 10101010 10100101 10100101 10100110 10101111 01100001 10100101 10100110 10100110 10110001 01100001 10101010 10101111 10110100 10101010 10100101 10100110 01100001 10111010 10110000 10110110 01100001 10100100 10100010 10101111 01100001 10100111 10101010 10101111 10100101 01100001 10001110 10100010 10110101 10110101 10111010 01101000 10110100 01100001 10110101 10100110 10110011 10110011 10101010 10100011 10101101 10100110 01100001 10110100 10100110 10100100 10110011 10100110 10110101 01101111 01101111 01101111
vigenere:ZEBRA:10100010 10101110 10100110 10110110 10100110 11001000 01100101 10100110 10110111 10100110 11001010 01100101 10101011 11000000 10110100 11000011 10101001 10100111 01110010 10111010 11001001 10111010 01100010 10110101 10100010 11001000 01100101 10101000 10111011 10101111 10111110 01100101 10001111 10110011 10110101 11001110 10111110 01101001 11000101 01100001 11001110 10101010 10110100 11000100 10101010 10111100 10110001 10100111 01110010 10110100 10111111 10101000 10110100 10110111 10110101 10001000 01110011 01110000
vigenere:HELO123:10010000 10101110 10110000 10110011 10010110 10100000 01010011 10101100 10101010 10110001 10111111 01010001 10011011 10100001 10111011 10101110 10110000 10110100 01010001 10101011 10100010 10111101 01100101 10101111 10110000 10011111 01010010 10011001 10110001 10110011 10110000 01101111 01111110 10010011 10100111 10111100 10111110 01110011 11000010 01010001 10100110 10011000 10111010 10110111 10110101 10110001 10011101 10010111 01010011 10111011 10101010 10101111 11000001 10010110 10100110 01100001 01110110 01110011
caesar:42:01110011 01010001 10010111 01001010 10011101 10011010 10001111 10001111 10001101 10010010 10010110 10001111 10011101 10011101 01011000 01001010 01110011 01001010 10010010 10001011 10100000 10001111 01001010 10011000 10011001 01001010 10011101 10011010 10001111 10001111 10001101 10010010 01011000
caesar:2:01001011 00101001 01101111 00100010 01110101 01110010 01100111 01100111 01100101 01101010 01101110 01100111 01110101 01110101 00110000 00100010 01001011 00100010 01101010 01100011 01111000 01100111 00100010 01110000 01110001 00100010 01110101 01110010 01100111 01100111 01100101 01101010 00110000
caesar:21:01011110 00111100 10000010 00110101 10001000 10000101 01111010 01111010 01111000 01111101 10000001 01111010 10001000 10001000 01000011 00110101 01011110 00110101 01111101 01110110 10001011 01111010 00110101 10000011 10000100 00110101 10001000 10000101 01111010 01111010 01111000 01111101 01000011
vigenere:abcd:10101010 10001001 11010000 10000100 11010100 11010010 11001000 11001001 11000100 11001010 11001111 11001001 11010100 11010101 10010001 10000100 10101010 10000010 11001011 11000101 11010111 11000111 10000011 11010010 11010000 10000010 11010110 11010100 11000110 11000111 11000110 11001100 10001111
vigenere:AAAAA:10001010 01101000 10101110 01100001 10110100 10110001 10100110 10100110 10100100 10101001 10101101 10100110 10110100 10110100 01101111 01100001 10001010 01100001 10101001 10100010 10110111 10100110 01100001 10101111 10110000 01100001 10110100 10110001 10100110 10100110 10100100 10101001 01101111
vigenere:ZEBRA:10100011 01101100 10101111 01110010 10110100 11001010 10101010 10100111 10110101 10101001 11000110 10101010 10110101 11000101 01101111 01111010 10001110 01100010 10111010 10100010 11010000 10101010 01100010 11000000 10110000 01111010 10111000 10110010 10110111 10100110 10111101 10101101 01110000
vigenere:HELO123:10010001 01101100 10111001 01101111 10100100 10100010 10011000 10101101 10101000 10110100 10111011 10010110 10100101 10100110 01110110 01100101 10010101 01101111 10011001 10010011 10101001 10101101 01100101 10111010 10111110 01010001 10100101 10100011 10101101 10101010 10101111 10110111 01011111
caesar:42:01111000 10011001 10100001 01001010 01110011 01001010 10001011 10010111 01001010 10001100 10001111 10001101 10011001 10010111 10001111 01001010 01101110 10001111 10001011 10011110 10010010 01010110 01001010 10011110 10010010 10001111 01001010 10001110 10001111 10011101 10011110 10011100 10011001 10100011 10001111 10011100 01001010 10011001 10010000 01001010 10100001 10011001 10011100 10010110 10001110 10011101 01011000
caesar:2:01010000 01110001 01111001 00100010 01001011 00100010 01100011 01101111 00100010 01100100 01100111 01100101 01110001 01101111 01100111 00100010 01000110 01100111 01100011 01110110 01101010 00101110 00100010 01110110 01101010 01100111 00100010 01100110 01100111 01110101 01110110 01110100 01110001 01111011 01100111 01110100 00100010 01110001 01101000 00100010 01111001 01110001 01110100 01101110 01100110 01110101 00110000
caesar:21:01100011 10000100 10001100 00110101 01011110 00110101 01110110 10000010 00110101 01110111 01111010 01111000 10000100 10000010 01111010 00110101 01011001 01111010 01110110 10001001 01111101 01000001 00110101 10001001 01111101 01111010 00110101 01111001 01111010 10001000 10001001 10000111 10000100 10001110 01111010 10000111 00110101 10000100 01111011 00110101 10001100 10000100 10000111 10000001 01111001 10001000 01000011
vigenere:abcd:10101111 11010001 11011010 10000100 10101010 10000010 11000100 11010001 10000001 11000100 11001000 11000111 11010000 11001111 11001000 10000100 10100101 11000111 11000100 11011000 11001001 10001110 10000011 11011000 11001001 11000111 10000011 11001000 11000110 11010101 11010111 11010110 11010000 11011011 11001000 11010110 10000001 11010001 11001001 10000100 11011000 11010001 11010101 11010000 11000101 11010101 10010001
vigenere:AAAAA:10001111 10110000 10111000 01100001 10001010 01100001 10100010 10101110 01100001 10100011 10100110 10100100 10110000 10101110 10100110 01100001 10000101 10100110 10100010 10110101 10101001 01101101 01100001 10110101 10101001 10100110 01100001 10100101 10100110 10110100 10110101 10110011 10110000 10111010 10100110 10110011 01100001 10110000 10100111 01100001 10111000 10110000 10110011 10101101 10100101 10110100 01101111
vigenere:ZEBRA:10101000 10110100 10111001 01110010 10001010 01111010 10100110 10101111 01110010 10100011 10111111 10101000 10110001 10111111 10100110 01111010 10001001 10100111 10110011 10110101 11000010 01110001 01100010 11000110 10101001 10111111 01100101 10100110 10110111 10110100 11001110 10110111 10110001 11001011 10100110 11001100 01100101 10110001 10111000 01100001 11010001 10110100 10110100 10111110 10100101 11001101 01110011
vigenere:HELO123:10010110 10110100 11000011 01101111 01111010 01010010 10010100 10110101 01100101 10101110 10110100 10010100 10100001 10100000 10101101 01100101 10010000 10110100 10010010 10100110 10011011 01110100 01100101 11000000 10110111 10010110 01010010 10010111 10101101 10111000 11000000 11000001 10100000 10101011 10011000 10111010 01100101 10111011 10110101 01010001 10101001 10100010 10111010 10110001 10110000 11000010 01011111
