vigenere:J67rXuxx:10111110 10011110 10100000 11100101 11000001 11101000 11011001 11101100 10101111 10101001 10101011
vigenere:uhIGmy9ydxg:11101001 11010000 10110010 10111010 11010110 11101100 10011010 11101101 11001001 11101011 11011011
vigenere:WAvT:11001011 10101001 11011111 11000111 11000000 10110100 11010111 11001000 10111100 10110100 11101010
vigenere:XcbHqk:10100101 11011100 10000010 10110110 11010010 11011000 10111101 10000011 11001011 10111011 10010001 10101100 11001010 11010111 10000010 10011110 11010010 11011001 10111100 11001000 11001110 10101001 11101010 10011001 01111000 10101100 10001001 10110101 10010001 11001100 11000110 10000011 11000011 10111010 11010100 11010011 11000001 11010111 11000111 10101011 11100101 10011001
vigenere:bpe3kKJ:10101111 11101001 10000101 10100001 11001100 10111000 10101111 10000010 11011001 11011000 01010011 10101100 10111101 10111110 10000010 11000110 11000110 10100001 11001111 10110000 10110110 11000011 11101001 10010011 01010011 10110100 01110010 10110111 10000010 11010001 11010011 01010011 11001100 10111101 10101101 11001010 11011001 11011001 10011000 11001110 10111111 01111000
vigenere:DSfc5CtgS3Co:10010001 11001100 10000110 11010001 10010110 10110000 11011001 10000111 10111100 10100110 01100011 10110000 10110110 11000111 10000110 10111001 10010110 10110001 11011000 11001100 10111111 10010100 10111100 10011101 01100100 10011100 10001101 11010000 01010101 10100100 11100010 10000111 10110100 10100101 10100110 11010111 10101101 11000111 11001011 11000110 10101001 01110001
vigenere:p8P:11000011 10011011 10111111 11100100 10101100 11001001 10011100 01011000 10110010 11010101 10011001 10111101 10010000 10101101 11000011 10010000 10101101 11000000 10010001
vigenere:I:10011100 10101100 10111000 10111101 10111101 11000010 01110101 01101001 10101011 10101110 10101010 10110110 01101001 10111110 10111100 01101001 10111110 10111001 01101010
vigenere:BVnatd6aCACi:10010101 10111001 11011101 11010101 11101000 11011101 01100010 10000001 10100101 10100110 10100100 11010110 01100010 11001011 11100001 10000001 11101001 11010100 01010111
vigenere:XXufl:10011001 10101100 11001001 10100111 10101111 10100011 10011001 11001001 10101010 10101101 10101111 10100110
vigenere:MrH4QC9B9Q:10001110 11000110 10011100 01110101 10010100 10001110 01111010 10010110 01111101 10010010 10100100 11000000
vigenere:DiyRNnj:10000101 10111101 11001101 10010011 10010001 10111001 10101011 10011000 10101101 10111010 10101001 10011100
vigenere:Q:10011010 11000101 01111000 11000100 01110001 10110010 01110001 11000100 10110110 10110100 11000011 10110110 11000101 01110010
vigenere:euWSASs8uMcq:10101110 11101001 01111110 11000110 01100001 10110100 10010011 10101011 11011010 10110000 11010101 11010110 11011001 10010110
vigenere:a:10101010 11010101 10001000 11010100 10000001 11000010 10000001 11010100 11000110 11000100 11010011 11000110 11010101 10000010
vigenere:oL9yKBUm:10110111 10110101 10011101 11011101 10110000 10110000 01110101 11010001 11010100 10110001 10101001 10011001 10110100 10110000 11001000 11010110 11010011 10110001 01011001 11110010 10111010 10110111 01110101 11010000 11010000 10111010 01011001 11011111 10110100 10110000 10111001 10001101 10111100 10101101 10101101 11101101 11000100 01101001 11001000 10001101 11100011 10110001 10101011 11101011 10110100 10100100 11000001 11010010 10001111 10111111 10011110 11011100 10111101 10100111 11001001 10011011 10011101 01111010
vigenere:zC:11000010 10101100 11011110 10100111 11011111 10110001 10011010 10100111 11011111 10101000 11101010 01100011 11100011 10110001 11101101 10101100 11011110 10101000 10011010 10111100 11101001 10111000 10011010 10100110 11011011 10110001 10011010 10101001 11100011 10110001 11011110 01100011 11000111 10100100 11101110 10110111 11110011 01101010 11101101 01100011 11101110 10101000 11101100 10110101 11100011 10100101 11100110 10101000 10011010 10110110 11011111 10100110 11101100 10101000 11101110 01110001 10101000 01110001
vigenere:D3mq:10001100 10011100 11010001 11010101 10101001 10100001 10001101 11010101 10101001 10011000 11011101 10010001 10101101 10100001 11100000 11011010 10101000 10011000 10001101 11101010 10110011 10101000 10001101 11010100 10100101 10100001 10001101 11010111 10101101 10100001 11010001 10010001 10010001 10010100 11100001 11100101 10111101 01011010 11100000 10010001 10111000 10011000 11011111 11100011 10101101 10010101 11011001 11010110 01100100 10100110 11010010 11010100 10110110 10011000 11100001 10011111 01110010 01100001
vigenere:IQU:10010010 01111000 11000010 01101001 11000100 11000101 10101110 10110110 10111000 10110001 10111101 10111010 10111100 11000100 10000011 01101001 10011010 01110101 10110001 10110010 11001011 10101110 01110001 11000011 10111000 01110001 11001000 10111001 10110110 10111010 10101100 10111001 10000011
vigenere:YH:10100010 01101111 11000110 01101000 11001100 10111000 10111110 10101101 10111100 10110000 11000101 10101101 11001100 10111011 10000111 01101000 10100010 01101000 11000001 10101001 11001111 10101101 01111001 10110110 11001000 01101000 11001100 10111000 10111110 10101101 10111100 10110000 10000111
vigenere:c:10101100 10001010 11010000 10000011 11010110 11010011 11001000 11001000 11000110 11001011 11001111 11001000 11010110 11010110 10010001 10000011 10101100 10000011 11001011 11000100 11011001 11001000 10000011 11010001 11010010 10000011 11010110 11010011 11001000 11001000 11000110 11001011 10010001
vigenere:Dfj:10010010 11010101 11100001 01100100 10101111 10001010 10100101 11010011 10001010 10100110 11001011 11001101 10110011 11010011 11001111 01100100 10101010 11001111 10100101 11011010 11010010 01110000 10000110 11011110 10101100 11001011 10001010 10101000 11001011 11011101 10111000 11011000 11011001 10111101 11001011 11011100 01100100 11010101 11010000 01100100 11011101 11011001 10110110 11010010 11001110 10110111 10010100
vigenere:gVlQkBT:10110101 11000101 11100011 01110001 10110100 01100010 10110101 11010100 01110110 11001110 10110110 11001110 10110001 11000001 11001100 01110110 10110000 10110110 11001100 10110110 10111100 10010011 01110110 11100000 10111001 11010000 01100010 10111000 11001100 11001001 11100000 11000011 11011010 10111011 10111001 11011001 01110110 11011011 10110111 10001011 10111001 11000011 11011001 11000010 11010000 11000100 10011001
vigenere:sn:11000001 11011101 11101010 10001110 10111100 10001110 11010100 11011011 10010011 11010000 11011000 11010001 11100010 11011011 11011000 10001110 10110111 11010011 11010100 11100010 11011011 10011010 10010011 11100010 11011011 11010011 10010011 11010010 11011000 11100001 11100111 11100000 11100010 11100111 11011000 11100000 10010011 11011101 11011001 10001110 11101010 11011101 11100101 11011010 11010111 11100001 10100001
