caesar:42:10011110 10010010 10010011 10011101 10010011 10011101 10001011 10011110 10001111 10011101 10011110
caesar:2:01110110 01101010 01101011 01110101 01101011 01110101 01100011 01110110 01100111 01110101 01110110
caesar:21:10001001 01111101 01111110 10001000 01111110 10001000 01110110 10001001 01111010 10001000 10001001
caesar:42:01110111 10100011 01001010 10011000 10001011 10010111 10001111 01001010 10010011 10011101 01001010 01101011 10011100 10011110 01001010 10000000 10001011 10011000 10001110 10001111 10010110 10001011 10100011 01011000 01001010 01110011 01010001 10010111 01001010 10001011 10011000 01001010 10001011 10011100 10001101 10010010 10010011 10011110 10001111 10001101 10011110 01011000
caesar:2:01001111 01111011 00100010 01110000 01100011 01101111 01100111 00100010 01101011 01110101 00100010 01000011 01110100 01110110 00100010 01011000 01100011 01110000 01100110 01100111 01101110 01100011 01111011 00110000 00100010 01001011 00101001 01101111 00100010 01100011 01110000 00100010 01100011 01110100 01100101 01101010 01101011 01110110 01100111 01100101 01110110 00110000
caesar:21:01100010 10001110 00110101 10000011 01110110 10000010 01111010 00110101 01111110 10001000 00110101 01010110 10000111 10001001 00110101 01101011 01110110 10000011 01111001 01111010 10000001 01110110 10001110 01000011 00110101 01011110 00111100 10000010 00110101 01110110 10000011 00110101 01110110 10000111 01111000 01111101 01111110 10001001 01111010 01111000 10001001 01000011
caesar:42:01111101 10001101 10011001 10011110 10011110 10100011 01010110 01001010 10001100 10001111 10001011 10010111 01001010 10011111 10011101 01001010 10011111 10011010 01001011
caesar:2:01010101 01100101 01110001 01110110 01110110 01111011 00101110 00100010 01100100 01100111 01100011 01101111 00100010 01110111 01110101 00100010 01110111 01110010 00100011
caesar:21:01101000 01111000 10000100 10001001 10001001 10001110 01000001 00110101 01110111 01111010 01110110 10000010 00110101 10001010 10001000 00110101 10001010 10000101 00110110
caesar:42:01101011 01111110 01111110 01101011 01101101 01110101 01101011 01111110 01101110 01101011 10000001 01111000
caesar:2:01000011 01010110 01010110 01000011 01000101 01001101 01000011 01010110 01000110 01000011 01011001 01010000
caesar:21:01010110 01101001 01101001 01010110 01011000 01100000 01010110 01101001 01011001 01010110 01101100 01100011
caesar:42:01110011 10011110 01010001 10011101 01001010 10001011 01001010 10011101 10001111 10001101 10011100 10001111 10011110 01001011
caesar:2:01001011 01110110 00101001 01110101 00100010 01100011 00100010 01110101 01100111 01100101 01110100 01100111 01110110 00100011
caesar:21:01011110 10001001 00111100 10001000 00110101 01110110 00110101 10001000 01111010 01111000 10000111 01111010 10001001 00110110
caesar:42:01110010 10010011 10001110 10001110 10001111 10011000 01001010 10001110 10001111 10001111 10011010 01001010 10010011 10011000 10011101 10010011 10001110 10001111 01001010 10100011 10011001 10011111 01001010 10001101 10001011 10011000 01001010 10010000 10010011 10011000 10001110 01001010 01110111 10001011 10011110 10011110 10100011 01010001 10011101 01001010 10011110 10001111 10011100 10011100 10010011 10001100 10010110 10001111 01001010 10011101 10001111 10001101 10011100 10001111 10011110 01011000 01011000 01011000
caesar:2:01001010 01101011 01100110 01100110 01100111 01110000 00100010 01100110 01100111 01100111 01110010 00100010 01101011 01110000 01110101 01101011 01100110 01100111 00100010 01111011 01110001 01110111 00100010 01100101 01100011 01110000 00100010 01101000 01101011 01110000 01100110 00100010 01001111 01100011 01110110 01110110 01111011 00101001 01110101 00100010 01110110 01100111 01110100 01110100 01101011 01100100 01101110 01100111 00100010 01110101 01100111 01100101 01110100 01100111 01110110 00110000 00110000 00110000
caesar:21:01011101 01111110 01111001 01111001 01111010 10000011 00110101 01111001 01111010 01111010 10000101 00110101 01111110 10000011 10001000 01111110 01111001 01111010 00110101 10001110 10000100 10001010 00110101 01111000 01110110 10000011 00110101 01111011 01111110 10000011 01111001 00110101 01100010 01110110 10001001 10001001 10001110 00111100 10001000 00110101 10001001 01111010 10000111 10000111 01111110 01110111 10000001 01111010 00110101 10001000 01111010 01111000 10000111 01111010 10001001 01000011 01000011 01000011
caesar:42:01110011 01010001 10010111 01001010 10011101 10011010 10001111 10001111 10001101 10010010 10010110 10001111 10011101 10011101 01011000 01001010 01110011 01001010 10010010 10001011 10100000 10001111 01001010 10011000 10011001 01001010 10011101 10011010 10001111 10001111 10001101 10010010 01011000
caesar:2:01001011 00101001 01101111 00100010 01110101 01110010 01100111 01100111 01100101 01101010 01101110 01100111 01110101 01110101 00110000 00100010 01001011 00100010 01101010 01100011 01111000 01100111 00100010 01110000 01110001 00100010 01110101 01110010 01100111 01100111 01100101 01101010 00110000
caesar:21:01011110 00111100 10000010 00110101 10001000 10000101 01111010 01111010 01111000 01111101 10000001 01111010 10001000 10001000 01000011 00110101 01011110 00110101 01111101 01110110 10001011 01111010 00110101 10000011 10000100 00110101 10001000 10000101 01111010 01111010 01111000 01111101 01000011
caesar:42:01111000 10011001 10100001 01001010 01110011 01001010 10001011 10010111 01001010 10001100 10001111 10001101 10011001 10010111 10001111 01001010 01101110 10001111 10001011 10011110 10010010 01010110 01001010 10011110 10010010 10001111 01001010 10001110 10001111 10011101 10011110 10011100 10011001 10100011 10001111 10011100 01001010 10011001 10010000 01001010 10100001 10011001 10011100 10010110 10001110 10011101 01011000
caesar:2:01010000 01110001 01111001 00100010 01001011 00100010 01100011 01101111 00100010 01100100 01100111 01100101 01110001 01101111 01100111 00100010 01000110 01100111 01100011 01110110 01101010 00101110 00100010 01110110 01101010 01100111 00100010 01100110 01100111 01110101 01110110 01110100 01110001 01111011 01100111 01110100 00100010 01110001 01101000 00100010 01111001 01110001 01110100 01101110 01100110 01110101 00110000
caesar:21:01100011 10000100 10001100 00110101 01011110 00110101 01110110 10000010 00110101 01110111 01111010 01111000 10000100 10000010 01111010 00110101 01011001 01111010 01110110 10001001 01111101 01000001 00110101 10001001 01111101 01111010 00110101 01111001 01111010 10001000 10001001 10000111 10000100 10001110 01111010 10000111 00110101 10000100 01111011 00110101 10001100 10000100 10000111 10000001 01111001 10001000 01000011
