caesar:172:00100000 00010100 00010101 00011111 00010101 00011111 1101 00100000 00010001 00011111 00100000
caesar:12:10000000 01110100 01110101 01111111 01110101 01111111 01101101 10000000 01110001 01111111 10000000
caesar:184:00101100 00100000 00100001 00101011 00100001 00101011 00011001 00101100 00011101 00101011 00101100
caesar:251:01001000 01110100 00011011 01101001 01011100 01101000 01100000 00011011 01100100 01101110 00011011 00111100 01101101 01101111 00011011 01010001 01011100 01101001 01011111 01100000 01100111 01011100 01110100 00101001 00011011 01000100 00100010 01101000 00011011 01011100 01101001 00011011 01011100 01101101 01011110 01100011 01100100 01101111 01100000 01011110 01101111 00101001
caesar:164:11110001 00011101 11000100 00010010 0101 00010001 1001 11000100 1101 00010111 11000100 11100101 00010110 00011000 11000100 11111010 0101 00010010 1000 1001 00010000 0101 00011101 11010010 11000100 11101101 11001011 00010001 11000100 0101 00010010 11000100 0101 00010110 0111 1100 1101 00011000 1001 0111 00011000 11010010
caesar:1:01001110 01111010 00100001 01101111 01100010 01101110 01100110 00100001 01101010 01110100 00100001 01000010 01110011 01110101 00100001 01010111 01100010 01101111 01100101 01100110 01101101 01100010 01111010 00101111 00100001 01001010 00101000 01101110 00100001 01100010 01101111 00100001 01100010 01110011 01100100 01101001 01101010 01110101 01100110 01100100 01110101 00101111
caesar:194:00010101 00100101 00110001 00110110 00110110 00111011 11101110 11100010 00100100 00100111 00100011 00101111 11100010 00110111 00110101 11100010 00110111 00110010 11100011
caesar:11:01011110 01101110 01111010 01111111 01111111 10000100 00110111 00101011 01101101 01110000 01101100 01111000 00101011 10000000 01111110 00101011 10000000 01111011 00101100
caesar:117:11001000 11011000 11100100 11101001 11101001 11101110 10100001 10010101 11010111 11011010 11010110 11100010 10010101 11101010 11101000 10010101 11101010 11100101 10010110
caesar:174:11101111 10 10 11101111 11110001 11111001 11101111 10 11110010 11101111 0101 11111100
caesar:83:10010100 10100111 10100111 10010100 10010110 10011110 10010100 10100111 10010111 10010100 10101010 10100001
caesar:208:00010001 00100100 00100100 00010001 00010011 00011011 00010001 00100100 00010100 00010001 00100111 00011110
caesar:96:10101001 11010100 10000111 11010011 10000000 11000001 10000000 11010011 11000101 11000011 11010010 11000101 11010100 10000001
caesar:184:1 00101100 11011111 00101011 11011000 00011001 11011000 00101011 00011101 00011011 00101010 00011101 00101100 11011001
caesar:16:01011001 10000100 00110111 10000011 00110000 01110001 00110000 10000011 01110101 01110011 10000010 01110101 10000100 00110001
caesar:48:01111000 10011001 10010100 10010100 10010101 10011110 01010000 10010100 10010101 10010101 10100000 01010000 10011001 10011110 10100011 10011001 10010100 10010101 01010000 10101001 10011111 10100101 01010000 10010011 10010001 10011110 01010000 10010110 10011001 10011110 10010100 01010000 01111101 10010001 10100100 10100100 10101001 01010111 10100011 01010000 10100100 10010101 10100010 10100010 10011001 10010010 10011100 10010101 01010000 10100011 10010101 10010011 10100010 10010101 10100100 01011110 01011110 01011110
caesar:43:01110011 10010100 10001111 10001111 10010000 10011001 01001011 10001111 10010000 10010000 10011011 01001011 10010100 10011001 10011110 10010100 10001111 10010000 01001011 10100100 10011010 10100000 01001011 10001110 10001100 10011001 01001011 10010001 10010100 10011001 10001111 01001011 01111000 10001100 10011111 10011111 10100100 01010010 10011110 01001011 10011111 10010000 10011101 10011101 10010100 10001101 10010111 10010000 01001011 10011110 10010000 10001110 10011101 10010000 10011111 01011001 01011001 01011001
caesar:211:00011011 00111100 00110111 00110111 00111000 01000001 11110011 00110111 00111000 00111000 01000011 11110011 00111100 01000001 01000110 00111100 00110111 00111000 11110011 01001100 01000010 01001000 11110011 00110110 00110100 01000001 11110011 00111001 00111100 01000001 00110111 11110011 00100000 00110100 01000111 01000111 01001100 11111010 01000110 11110011 01000111 00111000 01000101 01000101 00111100 00110101 00111111 00111000 11110011 01000110 00111000 00110110 01000101 00111000 01000111 1 1 1
caesar:195:1100 11101010 00110000 11100011 00110110 00110011 00101000 00101000 00100110 00101011 00101111 00101000 00110110 00110110 11110001 11100011 1100 11100011 00101011 00100100 00111001 00101000 11100011 00110001 00110010 11100011 00110110 00110011 00101000 00101000 00100110 00101011 11110001
caesar:138:11010011 10110001 11110111 10101010 11111101 11111010 11101111 11101111 11101101 11110010 11110110 11101111 11111101 11111101 10111000 10101010 11010011 10101010 11110010 11101011 0 11101111 10101010 11111000 11111001 10101010 11111101 11111010 11101111 11101111 11101101 11110010 10111000
caesar:232:00110001 1111 01010101 1000 01011011 01011000 01001101 01001101 01001011 01010000 01010100 01001101 01011011 01011011 00010110 1000 00110001 1000 01010000 01001001 01011110 01001101 1000 01010110 01010111 1000 01011011 01011000 01001101 01001101 01001011 01010000 00010110
caesar:29:01101011 10001100 10010100 00111101 01100110 00111101 01111110 10001010 00111101 01111111 10000010 10000000 10001100 10001010 10000010 00111101 01100001 10000010 01111110 10010001 10000101 01001001 00111101 10010001 10000101 10000010 00111101 10000001 10000010 10010000 10010001 10001111 10001100 10010110 10000010 10001111 00111101 10001100 10000011 00111101 10010100 10001100 10001111 10001001 10000001 10010000 01001011
caesar:207:00011101 00111110 01000110 11101111 00011000 11101111 00110000 00111100 11101111 00110001 00110100 00110010 00111110 00111100 00110100 11101111 00010011 00110100 00110000 01000011 00110111 11111011 11101111 01000011 00110111 00110100 11101111 00110011 00110100 01000010 01000011 01000001 00111110 01001000 00110100 01000001 11101111 00111110 00110101 11101111 01000110 00111110 01000001 00111011 00110011 01000010 11111101
caesar:154:11101000 1001 00010001 10111010 11100011 10111010 11111011 0111 10111010 11111100 11111111 11111101 1001 0111 11111111 10111010 11011110 11111111 11111011 1110 10 11000110 10111010 1110 10 11111111 10111010 11111110 11111111 1101 1110 1100 1001 00010011 11111111 1100 10111010 1001 0 10111010 00010001 1001 1100 0110 11111110 1101 11001000
